%% tutorial 4.3

Vm_values = -0.085:0.001:0.050;
Ca_conc = 0: 1e-4: 2e-3;
